IGG ID;Name;Rank;Might;Old Might;Might Difference;Kills;Old Kills;Kills Difference;Old Name
1991436921;AntiBBMbuaya;RANK3;48406190;47418447;987743;3979959;3979959;0;
1987731417;BMW0333;RANK1;5389518;5389518;0;25692;25692;0;
1953004725;exparta 300;RANK3;217167805;217042505;125300;2587080;2587080;0;
1869827776;BMW033;RANK4;164365378;163106751;1258627;3391943;3391943;0;
1865655896;Arnald;RANK3;155284442;155248116;36326;417656;417656;0;
1812242908;Davids34;RANK2;53061986;50143736;2918250;1562273;1562273;0;
1715301671;ZERO ONE RED;RANK2;191379822;191144814;235008;3567222;3567222;0;
1563521839;Evil Crusher;RANK1;30828039;33791089;-2963050;690375;686347;4028;
1439804125;FRAJOLA xR;RANK2;76177067;76177067;0;129514;129514;0;
1399644307;BMW03;RANK3;218406861;217618186;788675;17269407;17269407;0;
1354968546;Jaime Duende;RANK2;42692865;42692865;0;362402;362402;0;
1298845930;Eni 205;RANK2;129547101;129445545;101556;7905854;7905854;0;
1291517751;Tex Hik ru;RANK3;293931048;293938776;-7728;3009387;3009387;0;
1281971046;Boss X DJ;RANK2;267742182;267742182;0;7750189;7750189;0;
1268837245;ADES333;RANK3;780371175;780129743;241432;20662972;20662972;0;
1259404288;cumbia 21;RANK2;337736674;337640194;96480;4209434;4209434;0;
1258492999;babacikburda;RANK2;57566538;57566538;0;1403814;1403814;0;
1248533104;TroyMcClure7;RANK2;22857422;22310745;546677;89195;89195;0;
1218400831;sukis;RANK2;505874970;505874970;0;15529165;15529165;0;
1204061986;rhaenyra85;RANK2;80481496;78779400;1702096;578593;578593;0;
1091346744;artemisa85;RANK4;269772403;263779654;5992749;2251499;2251499;0;
1059882725;Nena94;RANK4;219286752;219286752;0;4602697;4602697;0;
1052841957;Lagerthaa85;RANK2;475478018;474734728;743290;5250881;5250881;0;
1047434554;Sr K15;RANK2;73118227;73118227;0;3822485;3822485;0;
1037344998;Hades1234569;RANK4;1261010182;1260469822;540360;9770772;9770772;0;
1036562095;Ryzen 9;RANK3;281512649;281520291;-7642;7182983;7182983;0;
1030714087;Maradon4 xRN;RANK2;448118365;448106365;12000;44760;44760;0;
1021109878;franco e isa;RANK3;771116218;767439210;3677008;3052848;3052848;0;
1017960864;Darcksider2;RANK3;461788932;461748932;40000;23461912;23461912;0;
1000860405;Chapolin xRn;RANK4;1821186664;1821146664;40000;176387486;176387486;0;
988897627;Afrodita101;RANK3;1701493287;1699385889;2107398;9836512;9836512;0;
988653129;SantiSO;RANK4;626156795;626146923;9872;5268414;5268414;0;
988631428;Saruman X;RANK4;774716377;752996844;21719533;13912798;13912798;0;
954413696;Napoleon2018;RANK4;798641121;796832035;1809086;11076020;11076020;0;
950983102;Jordi  E N P;RANK2;419958016;419958016;0;39142240;39142240;0;
919014383;Nemesis29;RANK2;279058052;279058052;0;7643701;7643701;0;
896632660;Destructoski;RANK4;471654716;464975083;6679633;7330408;7330408;0;
895849437;RrqJunior;RANK1;1008818;744974;263844;13032;13032;0;
886861087;ADES 888;RANK3;1037455801;1052183340;-14727539;14366433;12002634;2363799;
880503697;castiel thc;RANK2;692699410;692699410;0;7661883;7661883;0;
875686253;Yna16;RANK2;469095856;469164112;-68256;17410166;17410166;0;
862668268;Olgiz;RANK3;510542242;510542242;0;15165183;15165183;0;
845155861;ADES444;RANK3;554549539;546267543;8281996;21280558;21280558;0;
843203063;Misssa;RANK3;322571422;322571422;0;6902894;6902894;0;
838078071;TexHik pyc;RANK3;880790381;852299403;28490978;9617894;9617894;0;
837112253;borre1421;RANK4;790788429;790788429;0;32341320;32341320;0;
836562718;rufo 44;RANK4;707101796;706431632;670164;36486498;36486498;0;
834188413;3AXAP GALA;RANK3;1019516112;1019527200;-11088;6567719;6567719;0;
829438122;Intel i9;RANK3;463560004;463068604;491400;22830294;22830294;0;
829121660;Desquintador;RANK3;495651254;495651254;0;33635985;33635985;0;
822362301;Tourbulence;RANK2;622547095;622425595;121500;14562277;14562277;0;
813734403;3axap gala U;RANK3;937562151;937233920;328231;8476739;8476739;0;
813359673;juanpablo3;RANK4;1166064963;1165484963;580000;73779690;73779690;0;
812510915;radamanthizz;RANK2;539959600;539959600;0;67011428;67011428;0;
812108151;LordTaz20;RANK2;181970818;181365498;605320;4455533;4455533;0;
805478451;AMATEUS;RANK3;1135145300;1135144492;808;270894950;270894950;0;
800319527;Lord Josed;RANK4;847218905;847161409;57496;26359454;26359454;0;
766917672;ezequiel2B2T;RANK1;161036365;161039029;-2664;2327880;2327622;258;
737959216;robert72 jr;RANK3;109894900;109894900;0;1361969;1361969;0;
722457143;rey d Gondor;RANK4;899564473;899652025;-87552;185579698;185579698;0;
704183402;davids28;RANK2;336329292;336329292;0;1430294;1430294;0;
638999778;GIVARA2;RANK1;137539142;137539142;0;1851378;1851378;0;
613764743;David 29;RANK3;582877573;550800687;32076886;41679844;41679844;0;
609926462;Diosa gea 24;RANK2;355283336;355283336;0;40729987;40729987;0;
574580766;CH1HUAHUA;RANK2;193937310;193923310;14000;30919464;30919464;0;
573617829;Davids33;RANK4;573901867;655161779;-81259912;93407187;92498049;909138;
570579322;BOMBERO777;RANK2;277771685;284153801;-6382116;28965514;28963385;2129;
556909957;Robert 72;RANK4;1017470774;1017390346;80428;114127326;114127326;0;
402214266;rey Gondor;RANK5;1155675791;1155303659;372132;423681842;423681842;0;
393765136;Orlando7807;RANK2;478981320;478981320;0;10012949;10012949;0;
356296528;ZzehirR;RANK3;185471401;185401856;69545;20929834;20929834;0;
347180916;Orlando AG;RANK3;783585023;783502503;82520;23806788;23806788;0;
250133078;FIREROBERT72;RANK4;1766388003;1766254003;134000;1056475466;1056475466;0;