IGG ID;Name;Rank;Might;Old Might;Might Difference;Kills;Old Kills;Kills Difference;Old Name
1787570362;paulo1604;RANK4;553778480;553690480;88000;8114937;8114937;0;
1326163584;ADAMARI26;RANK2;6435505;6226823;208682;769;769;0;
1287617621;RuhaniCam;RANK2;26317216;26318764;-1548;25565;25565;0;
1103685981;tank food;RANK4;298543290;298543288;2;2462434;2462434;0;
1094648511;LORDJUAREZ31;RANK4;128302203;124242454;4059749;128085;128085;0;
949454072;Mluis179;RANK4;866210428;865094020;1116408;45341685;45341685;0;
949062617;Usi340;RANK4;1975417728;1974877728;540000;123993292;123993292;0;
937941305;MizukiBatman;RANK4;950782587;950833371;-50784;81515030;81493024;22006;
925761742;Yonii RG;RANK2;394716826;394373626;343200;10659045;10659045;0;
918198297;tanquesito;RANK4;651555036;651339036;216000;6424004;6424004;0;
846573341;maburro ctm;RANK4;1548010563;1547828239;182324;186777094;186777094;0;
844861124;KINGYON1;RANK4;819137115;817877415;1259700;14639688;14639688;0;
844625151;HFime;RANK4;558409539;557860662;548877;7942788;7942788;0;
835099741;Johanssy;RANK4;997355522;995862300;1493222;7728196;7728196;0;
827694659;HerNanSCiTo;RANK4;1715403013;1714821763;581250;82773055;82773055;0;
824235455;XGod Anubis2;RANK4;380625967;380625967;0;5422785;5422785;0;
809309200;tatto 20;RANK4;523785254;523785254;0;82785492;82785492;0;
796997690;XGod Anubis;RANK4;1167873335;1167805103;68232;142293571;142293571;0;
772463969;AlbertoR4;RANK3;288509200;288495912;13288;1357981;1357981;0;
764366507;SK You Daddy;RANK4;959393926;959397996;-4070;212215993;212211108;4885;
753327750;Granero;RANK4;642948774;642948774;0;5311467;5311467;0;
751696444;Pinotea;RANK4;579332051;579332051;0;22101320;22101320;0;
739205877;viejitoo;RANK4;1707229672;1707248040;-18368;1447424801;1447424799;2;
728888893;Espadas Roja;RANK3;39598223;39598223;0;582240;582240;0;
718218085;que mira bob;RANK4;1178999117;1178828893;170224;121264749;121264749;0;
707005887;Im The SOUL;RANK2;783240106;783240106;0;430101927;430101927;0;
702239037;IrvinSM;RANK4;495950344;495950344;0;6270477;6270477;0;
694876933;maltacnhuevo;RANK4;1017226707;1017226707;0;80413840;80413840;0;
678137938;AQUELARRE;RANK4;1064719325;1063528301;1191024;78783672;78754565;29107;
672413075;Rasmus 1;RANK4;456560975;455015785;1545190;12597136;12597136;0;
662280632;khathalina;RANK4;979084203;978978299;105904;3981797;3981797;0;
655921445;IrvinSM26;RANK4;1024555373;1024779473;-224100;206467187;206467187;0;
655010613;brokentheart;RANK4;1227994211;1227718083;276128;65868098;65868098;0;
645708235;patagona;RANK4;898970595;898989750;-19155;20507382;20507382;0;
630341892;C0NEJ0;RANK4;254901031;254763177;137854;679451;679451;0;
624903095;Shinitenshy;RANK4;1262153905;1261145905;1008000;479717319;479717319;0;
624602047;Chilotit;RANK4;849852156;845734736;4117420;4794765;4794765;0;
622191815;rey d3monio;RANK4;215417563;215411563;6000;680808;680808;0;
585650306;ESPIAME ESTA;RANK4;1138819001;1138018897;800104;73757997;73757997;0;
584380599;AlbertoR2;RANK4;512363264;511274194;1089070;15003660;15003660;0;
581678141;MamaSesta;RANK4;1188292352;1188313456;-21104;85414076;85414076;0;
581670059;XxLadySilxX;RANK4;701877875;701866584;11291;50210057;50210057;0;
578070951;SANTYYY;RANK4;673923914;674184662;-260748;3397502;3397502;0;
576251888;Selene86;RANK4;436508583;436713755;-205172;11259772;11211169;48603;
576004265;Duncans chef;RANK4;1456353374;1455673878;679496;16072032;16072032;0;
575588030;xx nico xx;RANK4;366175204;366175220;-16;14049534;14049534;0;
575170344;sir bastiann;RANK4;854204796;854195706;9090;4799321;4799321;0;
575112757;Alberto R1;RANK4;506144563;505795679;348884;14714118;14714118;0;
575042041;XxPerlyxX;RANK4;681509296;681462952;46344;11216266;11216266;0;
567034330;lord tanquex;RANK4;896011130;895831130;180000;10857757;10857757;0;
565644164;Meikobato;RANK3;189099022;189099022;0;5033099;5033099;0;
563483698;Real g4;RANK1;697025250;697025250;0;81732164;81732164;0;
562681573;XxLucy16xX;RANK4;279133213;279133213;0;29672;29672;0;
558410518;XxYurikoxX;RANK5;1276156689;1275891296;265393;177482803;177482803;0;
557623431;licantropo;RANK4;1277567549;1277495549;72000;75216127;75216127;0;
556904547;X Psycho xX;RANK4;601513705;601737805;-224100;91323006;91323006;0;
555262823;zx601;RANK3;810631386;810631386;0;16857879;16857879;0;
547863342;NoMolestarX;RANK4;310295595;310253595;42000;31745410;31745410;0;
546955595;Martin  43;RANK4;827843039;827843039;0;33955244;33955244;0;
543842693;vanesi;RANK4;946773284;946133332;639952;6784900;6775117;9783;
543814578;1Vannessa;RANK4;1206400489;1203151631;3248858;5333286;5333286;0;
468050803;In The Soul;RANK1;490415406;490415406;0;88626846;88626846;0;
463937090;Coyhaiquina;RANK4;1186471983;1183126935;3345048;23454058;23454058;0;
461628858;Super Tank;RANK4;1317681452;1317672326;9126;52293670;52293670;0;
446138590;Lady Vamp8;RANK4;1271663996;1271654870;9126;17859615;17859615;0;
436226230;MALEFICO;RANK4;513163578;513163578;0;42743767;42743767;0;
430980593;XxCHUKYxX;RANK4;1367562706;1367691298;-128592;908441362;908441361;1;
408630761;NARUTOSHINPU;RANK4;1163881750;1164144870;-263120;69921459;69921459;0;
402264140;terror xtrem;RANK4;856351314;856351314;0;96875280;96875280;0;
400641116;TANQUE GM;RANK4;1332162679;1332064603;98076;295818080;295818080;0;
397453130;N1ppur;RANK4;2120893672;2120879934;13738;376051106;376051106;0;
396515097;Giann0;RANK4;1029758450;1029500196;258254;86752828;86742252;10576;
377334783;WUQINGXY;RANK4;633430637;630622637;2808000;32025418;32025418;0;
368801815;x Rey lobo x;RANK4;844926391;841129782;3796609;79234211;79234211;0;
368000441;RT020;RANK4;540133214;540133218;-4;17325612;17325612;0;
366392691;Ever rich;RANK4;1386038402;1386018402;20000;44023674;44023674;0;
360517277;WU El CAPO;RANK4;1400338260;1400338260;0;144175472;144175472;0;
355381625;BenTor;RANK4;770341369;770726569;-385200;11262468;11262468;0;
340020311;Al3xander97;RANK4;1226004624;1225392624;612000;234691961;234691961;0;
337887912;lllTANGOlll;RANK4;1559161321;1559161321;0;161422615;161422615;0;
334814436;CarlosMan;RANK4;1019075557;1018791837;283720;155994713;155994713;0;
320352921;XxDuffmanxX;RANK4;1391829622;1391696254;133368;540470992;540470992;0;
315261871;Aaddrriiaann;RANK3;1042088964;1041761364;327600;100877036;100877036;0;
289564205;rata asesina;RANK4;1001946398;1002012782;-66384;242231351;242231351;0;
241102972;f2pPiKaBoss;RANK4;1483173819;1482895726;278093;544446358;544446358;0;