IGG ID;Name;Rank;Might;Old Might;Might Difference;Kills;Old Kills;Kills Difference;Old Name
1882684782;Ressi;RANK2;484117418;483015368;1102050;7884119;7884119;0;
1345757571;S  R  K;RANK2;1147752153;1143676965;4075188;21269124;21269124;0;
1332726248;Sakuron;RANK2;1099652226;1099503426;148800;6428957;6428957;0;
1328976539;sakurito;RANK3;2086061106;2086061106;0;40355576;40355576;0;
1280216522;Lone WoIf;RANK2;625500556;625970718;-470162;76142531;76142531;0;
1271389452;xWalkerW10x;RANK2;569498445;568130156;1368289;17324;17324;0;
1271389449;xWalkerW09x;RANK2;567959347;566450058;1509289;34448;34448;0;
1271388783;xWalkerW08x;RANK2;567719034;566036745;1682289;45373;45373;0;
1271388743;xWalkerW07x;RANK2;568446197;566852908;1593289;29240;29240;0;
1271388715;xWalkerW06x;RANK2;568737792;567369903;1367889;13315;13315;0;
1271365281;xWalkerS04x;RANK2;568498509;567112220;1386289;7354;7354;0;
1271365250;xWalkerS05x;RANK2;568595642;567218353;1377289;18764;18764;0;
1271365142;xWalkerS03x;RANK2;568320962;566952673;1368289;22966;22966;0;
1271365117;xWalkerS02x;RANK2;568758029;567389740;1368289;6455;6455;0;
1271365113;xWalkerS01x;RANK2;568653550;567276261;1377289;2966;2966;0;
1254769416;P i c a r d;RANK2;817919667;817977455;-57788;87665167;87665167;0;
1092693154;Ariel1588;RANK2;456578208;451741383;4836825;3136473;3136473;0;
1059350230;Fujin Heros;RANK2;1482377029;1482170113;206916;138048069;138048069;0;
1041730165;XINHXA;RANK2;1511167070;1511066702;100368;333620690;333620690;0;
1021127073;Nnahhh;RANK2;1079405362;1075078109;4327253;64321849;64321849;0;
973256396;Bespin 01;RANK3;2515437165;2515401680;35485;66766474;66766474;0;
928523397;KB Ares I;RANK3;400754842;400585301;169541;1713779;1713779;0;
783188571;ALAN BOT;RANK2;715223856;714986649;237207;80276660;80276660;0;
766707663;TheLaPlanta;RANK3;608598554;615798554;-7200000;8572799;8572799;0;
747751737;cyntu;RANK4;1597086584;1597162112;-75528;126687593;126687593;0;
735770009;Johan0311;RANK2;1352102271;1348366004;3736267;34556970;34556970;0;
728008821;MalcriadittA;RANK1;951773136;951773136;0;46408944;46408944;0;
727539438;Dkno25;RANK2;959517460;959517460;0;107039772;107039772;0;
701803552;QueenDramaa;RANK4;1363529360;1361639590;1889770;51880148;51880148;0;
699616405;ooVaS010oo;RANK2;1760320284;1758476857;1843427;3112866;3112866;0;
699615914;ooVaS007oo;RANK2;1773195671;1771186516;2009155;5521761;5521761;0;
699615845;ooVaS009oo;RANK2;1789922649;1783958594;5964055;6176798;6176798;0;
699615715;ooVaS008oo;RANK2;1764139697;1759438062;4701635;8688152;8688152;0;
699615662;ooVaS006oo;RANK2;1781868452;1779760317;2108135;5106014;5106014;0;
699600536;ooVaS003oo;RANK2;1760987082;1756489115;4497967;24804289;24804289;0;
699600401;ooVaS002oo;RANK2;1763973385;1760739370;3234015;5410000;5410000;0;
699600237;ooVaS005oo;RANK2;1764467581;1762528626;1938955;17728169;17728169;0;
699600230;ooVaS004oo;RANK2;1775826106;1773567763;2258343;17556422;17556422;0;
699590989;ooVaS001oo;RANK2;1766908491;1762116032;4792459;29491862;29491862;0;
687037882;El Dorado;RANK4;628075350;620751738;7323612;1413706;1413706;0;
686099078;Darkgreen;RANK4;895155672;894530508;625164;52330580;52330580;0;
681257144;JUANPE;RANK3;1980728227;1980728227;0;67552852;67552852;0;
672088260;Dark Mundo;RANK4;1527170442;1526370707;799735;229572093;229572093;0;
665549405;giackrox;RANK4;1914002706;1913821506;181200;211843588;211843588;0;
653763973;Fifi fifone;RANK4;1633547062;1633073686;473376;260892699;260892699;0;
649145941;DOMINIC E77;RANK2;723028851;721911671;1117180;15492513;15492513;0;
646441942;el rey montc;RANK2;1722697478;1722293270;404208;173822438;173822438;0;
646349957;XxMGSxX;RANK2;1700973943;1700973943;0;78088205;78088205;0;
645515706;Analuu;RANK3;1375113877;1371697343;3416534;37357195;37357195;0;
641610850;WUILSON15;RANK2;642716706;642529531;187175;6731177;6731177;0;
638291226;BLACKGHOST;RANK2;858708222;848409222;10299000;5442945;5442945;0;
634411493;MarkusE77;RANK2;749428920;749036593;392327;18799100;18799100;0;
634025093;valigolo02;RANK2;917192726;917192726;0;22374214;22374214;0;
631695724;Jedimester;RANK2;809863572;809861874;1698;1294341;1294341;0;
628779245;jazmines;RANK2;1007189402;1007243834;-54432;25288717;25288717;0;
618124236;illidain;RANK3;1393768456;1393768456;0;126242315;126242315;0;
614304278;Thewallenged;RANK3;1332263791;1330675791;1588000;108806904;108806904;0;
590822297;ASTERIS7;RANK2;633818359;633663583;154776;518238;518238;0;
579115818;Felipe8;RANK4;765349720;765356904;-7184;4452069;4452069;0;
576773217;99 A MAN;RANK3;3135166819;3135339861;-173042;409722121;409722121;0;
573727599;Jeska33;RANK1;1557867497;1557795497;72000;207928673;207928673;0;
569699918;The toxic;RANK3;1746216130;1737059416;9156714;169814220;169814220;0;
563475545;Capriann;RANK1;1401808153;1401589621;218532;20103721;20103721;0;
562040476;0RickHunter0;RANK4;244635330;244581330;54000;5442396;5442396;0;
559373435;Jazmines 1;RANK2;1202840389;1202268841;571548;39127889;39127889;0;
556628743;Soy Sami;RANK2;761044883;761134883;-90000;14156655;14156655;0;
548470975;Navi Neytiri;RANK4;1165626963;1150406464;15220499;8562525;8562525;0;
545102236;Ninja Soul;RANK3;205631505;205631505;0;1382743;1382743;0;
543574138;RoyFocker01;RANK4;1876583819;1876555582;28237;468129337;468129337;0;
543536478;Juan 7777777;RANK4;1409848295;1409697277;151018;839538125;839538125;0;
543057075;VoiDarknigth;RANK1;2181807182;2181807182;0;247610816;247610816;0;
543013733;Fernando1984;RANK2;1845629543;1845392417;237126;586633812;586633812;0;
531603934;JustLau;RANK4;1331866059;1321454445;10411614;30663937;30663937;0;
527850333;FedEx2021;RANK4;1891200760;1891155636;45124;325843569;325843569;0;
527571135;Matias8;RANK5;2098576212;2098725104;-148892;1029737119;1029737119;0;
522130170;Campanula13;RANK4;1572212129;1568348561;3863568;159280728;159280728;0;
517552301;Kuuuushhhh;RANK2;1507366833;1507262313;104520;130065922;130065922;0;
505302369;Liiiin;RANK2;2902414146;2897712146;4702000;475614017;475614017;0;
469048815;Ashnyk;RANK4;1179626078;1179510521;115557;35088473;35088473;0;
447590111;Thunderekmek;RANK2;1633192683;1632389539;803144;220720366;220720366;0;
436361778;Dariiooo;RANK4;1478168458;1478327614;-159156;352373232;352311585;61647;
436023142;Miss Lake;RANK4;1808336940;1808262940;74000;651505163;651505163;0;
431325262;MenteMaestra;RANK4;1310113107;1298294307;11818800;36651392;36651392;0;
430669190;Malzar;RANK2;915547236;915227436;319800;157895349;157895349;0;
429963525;RAIBACK;RANK2;959875790;939774743;20101047;30559300;30559300;0;
424919012;Ocean BlueX;RANK2;783877152;783749132;128020;24643320;24643320;0;
418916566;S O F l A;RANK3;1197026796;1197026796;0;39337578;39337578;0;
410376152;ryckzolea;RANK2;1033851918;1032805383;1046535;4570964;4570964;0;
410194825;ByDarkDays;RANK2;1512027530;1511998006;29524;104184158;104184158;0;
397325214;Sr Barrigon;RANK4;787202501;787224801;-22300;15423006;15423006;0;
361152256;HeAnnn;RANK3;2643264129;2639139937;4124192;138498395;138498395;0;
340479367;lBerrinchesl;RANK4;467335413;467209905;125508;52423535;52423535;0;
329944274;Espartajesus;RANK2;2259511659;2259511659;0;252112776;252112776;0;
316763913;DianaNegris;RANK1;1032494927;1032494927;0;323068326;323068326;0;