IGG ID;Name;Rank;Might;Old Might;Might Difference;Kills;Old Kills;Kills Difference;Old Name
1802398262;Huerta V;RANK2;93858045;93858189;-144;106295;106295;0;
1656236148;HUERTA IV;RANK2;303610049;303610157;-108;3479309;3479309;0;
1332726248;Sakuron;RANK2;1052786730;1052786730;0;7522056;7522056;0;
1328976539;sakurito;RANK2;1945521822;1945521822;0;60817729;60817729;0;
1319872559;FANTA UVA;RANK2;810842087;810549209;292878;19426832;19426832;0;
1271389452;xWalkerW10x;RANK2;666280030;666239574;40456;17324;17324;0;
1271389449;xWalkerW09x;RANK2;665653470;665606914;46556;34460;34460;0;
1271388783;xWalkerW08x;RANK2;664241623;664153167;88456;47964;47964;0;
1271388743;xWalkerW07x;RANK2;664819098;664772542;46556;29240;29240;0;
1271388715;xWalkerW06x;RANK2;665023348;664982892;40456;13315;13315;0;
1271365281;xWalkerS04x;RANK2;665622366;665587910;34456;7354;7354;0;
1271365250;xWalkerS05x;RANK2;665556036;665467475;88561;18764;18764;0;
1271365142;xWalkerS03x;RANK2;665038351;664997795;40556;22966;22966;0;
1271365117;xWalkerS02x;RANK2;665637682;665597226;40456;6455;6455;0;
1271365113;xWalkerS01x;RANK2;665792885;665752329;40556;8914;8914;0;
1218827033;Chamgadad;RANK2;684348017;678706181;5641836;7717002;7717002;0;
1214959089;Sargentoooo;RANK2;871099808;871099808;0;3607054;3607054;0;
1209167800;Sargento;RANK2;733528999;733463491;65508;27828638;27828638;0;
1208113955;HUERTA III;RANK2;820234625;820234625;0;86343186;86343186;0;
928523397;KB Ares I;RANK3;476344464;476344464;0;1713779;1713779;0;
846482624;Natanael 03;RANK2;622373403;621891743;481660;15813378;15813378;0;
766707663;TheLaPlanta;RANK2;717360753;717360753;0;8598874;8598874;0;
747751737;cyntu;RANK4;1733803359;1733287011;516348;130034723;130034723;0;
735770009;Johan0311;RANK2;1533849605;1533849605;0;43258158;43226291;31867;
728008821;MalcriadittA;RANK3;1004621167;1003114009;1507158;49504157;49504157;0;
727539438;Dkno25;RANK2;1022303165;1022313568;-10403;107040010;107040010;0;
701803552;QueenDramaa;RANK4;1492061514;1491443206;618308;59073412;59073412;0;
699616405;ooVaS010oo;RANK2;2067311045;2066769345;541700;3112866;3112866;0;
699615914;ooVaS007oo;RANK2;2075089066;2074547366;541700;5537740;5537740;0;
699615845;ooVaS009oo;RANK2;2093383273;2092841573;541700;6176798;6176798;0;
699615715;ooVaS008oo;RANK2;2077559631;2077017931;541700;8688152;8688152;0;
699615662;ooVaS006oo;RANK2;2085900748;2085359048;541700;5106014;5106014;0;
699600536;ooVaS003oo;RANK2;2069116122;2068574422;541700;24804463;24804463;0;
699600401;ooVaS002oo;RANK2;2063637444;2063095744;541700;5410000;5410000;0;
699600237;ooVaS005oo;RANK2;2062693792;2062152092;541700;17728169;17728169;0;
699600230;ooVaS004oo;RANK2;2093878557;2093258917;619640;17556422;17556422;0;
699590989;ooVaS001oo;RANK2;2089271535;2088650011;621524;29491862;29491862;0;
687037882;El Dorado;RANK4;649584691;649576771;7920;1413736;1413736;0;
686099078;Darkgreen;RANK4;973003077;972946729;56348;53165408;53165408;0;
681257144;JUANPE;RANK3;2109376407;2109141571;234836;67586802;67586802;0;
672088260;Dark Mundo;RANK5;1660885208;1660884056;1152;233788333;233788333;0;
665549405;giackrox;RANK2;1665912851;1665803651;109200;228569532;228569532;0;
658113211;Michis95;RANK2;1093461388;1092879104;582284;62933229;62933229;0;
653763973;Fifi fifone;RANK4;1769086768;1769155456;-68688;262744660;262744660;0;
649378702;Jhoni1;RANK2;756348611;756981906;-633295;19176860;19175234;1626;
646441942;el rey montc;RANK2;1919505235;1915297467;4207768;173822438;173822438;0;
646349957;XxMGSxX;RANK2;1831821073;1831788217;32856;78088205;78088205;0;
645515706;Analuu;RANK3;1439382780;1439357780;25000;37357195;37357195;0;
631695724;Jedimester;RANK2;868702225;868700525;1700;1294341;1294341;0;
618124236;illidain;RANK3;1469971375;1469840855;130520;126370027;126370027;0;
590822297;ASTERIS7;RANK2;655331791;655235856;95935;523759;523759;0;
579115818;Felipe8;RANK4;905132887;905123887;9000;4471850;4471850;0;
576773217;99 A MAN;RANK3;3420847216;3420038004;809212;419856063;419856063;0;
573727599;Jeska33;RANK2;1304281149;1276563483;27717666;220273228;220273228;0;
569202189;MUERTE DULCE;RANK4;1544789400;0;0;3226756561;0;0;
562040476;0RickHunter0;RANK4;271268607;271180609;87998;7104225;7104225;0;
556628743;Soy Sami;RANK2;828357781;828357781;0;14902800;14902800;0;
548470975;Navi Neytiri;RANK4;1271817419;1271091419;726000;8573492;8573492;0;
545102236;Ninja Soul;RANK2;240244930;240295846;-50916;1385403;1385403;0;
543574138;RoyFocker01;RANK4;2145792007;2145606731;185276;473909341;473909341;0;
543536478;Juan 7777777;RANK4;1617028230;1616868979;159251;839604906;839604906;0;
543013733;Fernando1984;RANK3;2055743282;2055585274;158008;589054052;589054052;0;
539752687;XAkelarreX;RANK2;822722989;820218971;2504018;198684901;198684901;0;
531603934;JustLau;RANK4;1413956036;1413416036;540000;32046708;32046708;0;
527850333;FedEx2021;RANK4;1973318583;1972622583;696000;327196932;327196932;0;
527571135;Matias8;RANK4;2265293554;2265223306;70248;1041087689;1041087689;0;
522130170;Campanula13;RANK4;1662640135;1662758227;-118092;159280740;159280740;0;
505302369;Liiiin;RANK3;3038629044;3038629044;0;476246944;476246944;0;
469048815;Ashnyk;RANK4;1253447981;1253304929;143052;37462787;37462787;0;
446564417;Takki85;RANK2;924604842;924468842;136000;10320329;10320329;0;
436060577;DULCE MUERT3;RANK1;1634438191;1639274297;-4836106;2011469721;2011441154;28567;
436023142;Miss Lake;RANK4;1898023469;1897301961;721508;652160405;652160405;0;
431325262;MenteMaestra;RANK4;1406459361;1405763361;696000;36651905;36651905;0;
429963525;RAIBACK;RANK2;1047237395;1047210051;27344;33113244;33113244;0;
418916566;S O F l A;RANK1;1406083340;1405883734;199606;39338469;39338469;0;
410376152;ryckzolea;RANK2;1109387801;1109387801;0;4571745;4571745;0;
397325214;Sr Barrigon;RANK4;811927235;811999508;-72273;15423006;15423006;0;
340479367;lBerrinchesl;RANK4;493143475;493121975;21500;52542191;52542191;0;
335059435;MENDoZITA;RANK2;647870621;647859461;11160;7754219;7754219;0;
334641435;NASHA MUERTE;RANK4;1487653549;1475392411;12261138;288795631;288795631;0;
321256428;MUERT3 DULC3;RANK2;1037188031;1037188031;0;156758612;156758612;0;