IGG ID;Name;Rank;Might;Old Might;Might Difference;Kills;Old Kills;Kills Difference;Old Name
1345757571;S  R  K;RANK2;1153895510;1153628010;267500;22181541;22181358;183;
1332726248;Sakuron;RANK2;1099652226;1099652226;0;6428957;6428957;0;
1328976539;sakurito;RANK3;2094818093;2094177167;640926;40355576;40355576;0;
1280216522;Lone WoIf;RANK2;633491139;633283984;207155;76142531;76142531;0;
1271389452;xWalkerW10x;RANK2;572978430;572992830;-14400;17324;17324;0;
1271389449;xWalkerW09x;RANK2;571461400;571450700;10700;34448;34448;0;
1271388783;xWalkerW08x;RANK2;571206555;571211923;-5368;45373;45373;0;
1271388743;xWalkerW07x;RANK2;571929908;571919208;10700;29240;29240;0;
1271388715;xWalkerW06x;RANK2;572229879;572219179;10700;13315;13315;0;
1271365281;xWalkerS04x;RANK2;572033686;572031986;1700;7354;7354;0;
1271365250;xWalkerS05x;RANK2;572092181;572081481;10700;18764;18764;0;
1271365142;xWalkerS03x;RANK2;572244619;572242919;1700;22966;22966;0;
1271365117;xWalkerS02x;RANK2;572245872;572244172;1700;6455;6455;0;
1271365113;xWalkerS01x;RANK2;572572751;572562051;10700;2966;2966;0;
1254769416;P i c a r d;RANK2;836051544;835719349;332195;87665167;87665167;0;
1220131131;XD Alloush 2;RANK2;419621991;419430055;191936;20703036;20703036;0;
1092693154;Ariel1588;RANK2;459683370;459629370;54000;3136473;3136473;0;
1059350230;Fujin Heros;RANK2;1495193807;1494624105;569702;138048283;138048283;0;
1041730165;XINHXA;RANK2;1524368273;1524118593;249680;333822741;333822741;0;
1021127073;Nnahhh;RANK2;1089250346;1089131066;119280;64324849;64324849;0;
973256396;Bespin 01;RANK3;2507605204;2507605204;0;67037275;67037275;0;
970928415;XD Alloush 1;RANK1;1087535831;1088662409;-1126578;97221109;97221109;0;
928523397;KB Ares I;RANK3;406420885;406420885;0;1713779;1713779;0;
894530700;XD Alloush 3;RANK2;922779207;922779207;0;75582486;75582486;0;
783188571;ALAN BOT;RANK2;716758256;716618679;139577;80276660;80276660;0;
766707663;TheLaPlanta;RANK3;692718157;692718157;0;8572799;8572799;0;
747751737;cyntu;RANK4;1601708561;1601064308;644253;126794325;126794325;0;
735770009;Johan0311;RANK2;1372807374;1371534472;1272902;35822458;35822458;0;
728008821;MalcriadittA;RANK3;977190259;977190259;0;46408944;46408944;0;
727539438;Dkno25;RANK2;966282580;966282580;0;107039772;107039772;0;
701803552;QueenDramaa;RANK4;1369330519;1368281583;1048936;51880148;51880148;0;
699616405;ooVaS010oo;RANK1;1787313490;1787223618;89872;3112866;3112866;0;
699615914;ooVaS007oo;RANK1;1796895236;1796909636;-14400;5521761;5521761;0;
699615845;ooVaS009oo;RANK1;1815087110;1815076510;10600;6176798;6176798;0;
699615715;ooVaS008oo;RANK1;1795078755;1795068155;10600;8688152;8688152;0;
699615662;ooVaS006oo;RANK1;1812954486;1812865706;88780;5106014;5106014;0;
699600536;ooVaS003oo;RANK1;1787762959;1787674179;88780;24804289;24804289;0;
699600401;ooVaS002oo;RANK1;1788604426;1788517206;87220;5410000;5410000;0;
699600237;ooVaS005oo;RANK1;1786412250;1786324646;87604;17728169;17728169;0;
699600230;ooVaS004oo;RANK1;1806661311;1806573323;87988;17556422;17556422;0;
699590989;ooVaS001oo;RANK1;1790075064;1790009640;65424;29491862;29491862;0;
687037882;El Dorado;RANK4;628619022;628609422;9600;1413706;1413706;0;
686099078;Darkgreen;RANK4;896864500;896773428;91072;52343095;52340155;2940;
672088260;Dark Mundo;RANK4;1534643098;1546642668;-11999570;229969889;229663866;306023;
665549405;giackrox;RANK4;1919369391;1919260191;109200;211843589;211843589;0;
653763973;Fifi fifone;RANK4;1635228336;1635204204;24132;261072699;261072699;0;
649145941;DOMINIC E77;RANK2;732528803;732318884;209919;15492607;15492607;0;
646441942;el rey montc;RANK2;1725052183;1724490583;561600;173822438;173822438;0;
646349957;XxMGSxX;RANK2;1703027575;1702919259;108316;78088205;78088205;0;
645515706;Analuu;RANK3;1375190345;1375190345;0;37357195;37357195;0;
641610850;WUILSON15;RANK2;655746292;648219015;7527277;6731177;6731177;0;
638291226;BLACKGHOST;RANK2;875158614;875604330;-445716;5493969;5493969;0;
634411493;MarkusE77;RANK2;760531558;759875379;656179;18799366;18799366;0;
634025093;valigolo02;RANK2;930162718;930297577;-134859;22374214;22374214;0;
631695724;Jedimester;RANK2;813410580;813408864;1716;1294341;1294341;0;
628779245;jazmines;RANK2;1014714218;1014174218;540000;25288717;25288717;0;
618124236;illidain;RANK3;1396172992;1395502472;670520;126242315;126242315;0;
590822297;ASTERIS7;RANK2;634828265;634749204;79061;518238;518238;0;
579115818;Felipe8;RANK4;766534668;766522668;12000;4452069;4452069;0;
576773217;99 A MAN;RANK3;3160348221;3159564507;783714;409722121;409722121;0;
563475545;Capriann;RANK2;1393544050;1393544050;0;20103721;20103721;0;
562040476;0RickHunter0;RANK4;208003546;207946562;56984;5538612;5538612;0;
559373435;Jazmines 1;RANK2;1210800704;1210910336;-109632;39127889;39127889;0;
556628743;Soy Sami;RANK2;762020993;761540609;480384;14156655;14156655;0;
548470975;Navi Neytiri;RANK4;1168254604;1168224604;30000;8562525;8562525;0;
545102236;Ninja Soul;RANK3;210200043;210097043;103000;1382743;1382743;0;
543574138;RoyFocker01;RANK4;1882694712;1881867026;827686;468242998;468242998;0;
543536478;Juan 7777777;RANK4;1418792528;1418171119;621409;839538629;839538629;0;
543013733;Fernando1984;RANK2;1848628711;1848235483;393228;586633812;586633812;0;
531603934;JustLau;RANK4;1334591707;1334582707;9000;30663937;30663937;0;
527850333;FedEx2021;RANK4;1894986352;1894104916;881436;325843569;325843569;0;
527571135;Matias8;RANK5;2103133709;2102841189;292520;1029740285;1029740285;0;
522130170;Campanula13;RANK4;1572349977;1572917669;-567692;159280728;159280728;0;
517552301;Kuuuushhhh;RANK2;1509415053;1509290820;124233;130065922;130065922;0;
505302369;Liiiin;RANK2;2907820600;2907800887;19713;475614017;475614017;0;
469048815;Ashnyk;RANK4;1180692897;1180620897;72000;35088473;35088473;0;
447590111;Thunderekmek;RANK2;1415881848;1415421211;460637;228054707;228054707;0;
436361778;Dariiooo;RANK4;1482076120;1480985878;1090242;352373232;352373232;0;
436023142;Miss Lake;RANK4;1811652876;1811536376;116500;651505163;651505163;0;
431325262;MenteMaestra;RANK4;1313188043;1312975119;212924;36651392;36651392;0;
430669190;Malzar;RANK2;916306178;916297052;9126;157895349;157895349;0;
429963525;RAIBACK;RANK2;964988388;964912140;76248;30559300;30559300;0;
424919012;Ocean BlueX;RANK2;785810441;785710353;100088;24643557;24643557;0;
418916566;S O F l A;RANK3;1202101538;1201521538;580000;39337578;39337578;0;
410376152;ryckzolea;RANK2;1039781864;1039773979;7885;4570964;4570964;0;
410194825;ByDarkDays;RANK2;1448107754;1448159030;-51276;109173846;109173846;0;
397325214;Sr Barrigon;RANK4;787529801;787508801;21000;15423006;15423006;0;
382123478;Ehma;RANK3;1071705603;1071237603;468000;10292499;10292499;0;
340479367;lBerrinchesl;RANK4;467843546;467794514;49032;52423535;52423535;0;
329944274;Espartajesus;RANK2;2258523696;2260242780;-1719084;253122358;252914949;207409;