IGG ID;Name;Rank;Might;Old Might;Might Difference;Kills;Old Kills;Kills Difference;Old Name
2054493086;Legion876;RANK3;1427594;1386279;41315;0;0;0;
2036633690;ElZoquete;RANK3;4595165;4295641;299524;1409;1409;0;
2023958550;R3Y PELIGRO;RANK4;7973598;7817717;155881;1465;1465;0;
1854107901;Foo12;RANK4;87770957;87710715;60242;466;466;0;
1795361609;bmale;RANK4;135464007;135432831;31176;8494;8494;0;
1793197141;Reina Glori;RANK4;397766602;397000198;766404;11229270;11229270;0;
1775524939;Don Gloton;RANK4;140416443;140393271;23172;40782;40782;0;
1468786259;Nemesis876;RANK4;314944031;314870707;73324;911164;911164;0;
1428075256;PIKULISIT0;RANK1;27908099;27908099;0;35514;35514;0;
1358625545;Rad Ghost;RANK1;300389569;300391897;-2328;219287;219287;0;
1330884250;CrazyBomb1;RANK4;383129270;383129918;-648;849905;849905;0;
1322188763;pecosa1977;RANK3;381958938;381949812;9126;4628385;4628385;0;
1315907918;R3Y DE REY3S;RANK4;517410722;517358162;52560;13690072;13690072;0;
1310166303;t3qu3;RANK4;482321384;482047678;273706;5712111;5712111;0;
1292987618;Hie12;RANK4;300720526;300601774;118752;14719440;14719440;0;
1285501762;REY SUPR3MO;RANK5;899205467;899145728;59739;31162209;31162209;0;
1285479728;kronosDG;RANK4;457075639;457015188;60451;6071230;6071230;0;
1285128653;Samaritan876;RANK4;702306133;702306133;0;8382178;8382178;0;
1285098880;rayo1977;RANK4;559678654;559048198;630456;2704414;2704414;0;
1285037529;LuisGon10;RANK4;480451501;480449093;2408;5074231;5074231;0;
1285029724;jesus 23;RANK4;601412682;601340682;72000;10937628;10937628;0;
1283459469;Gustavo83;RANK4;457279192;457279192;0;5501704;5501704;0;
1282924281;Julve15;RANK3;254677637;254677637;0;5206736;5206736;0;
1271584289;Amastter;RANK4;823415291;823415291;0;20598129;20598129;0;
1267910371;BBIT0 FIUFIU;RANK4;627177227;627177227;0;11114186;11114186;0;
1253276646;Marino1234;RANK4;234842189;234842189;0;3682406;3682406;0;
1240610196;KanAnikila;RANK4;555486701;555330701;156000;84914550;84914550;0;
1230028596;Coquena;RANK4;441869022;441774846;94176;2119019;2119019;0;
1228454315;JuveS5;RANK4;564644780;564399964;244816;9163938;9163938;0;
1221454394;DonRamon77;RANK4;218956757;218944759;11998;2516;2516;0;
1102545049;mixrh;RANK4;442876092;442876092;0;62373603;62373603;0;
1079250790;ayigoel;RANK1;61257650;64549122;-3291472;2234391;2232051;2340;
1021575885;AMR97;RANK4;1315396124;1314941556;454568;254753169;254753169;0;