IGG ID;Name;Rank;Might;Old Might;Might Difference;Kills;Old Kills;Kills Difference;Old Name
1960755471;carloso007;RANK2;42377327;41421989;955338;1088796;1088796;0;
1942772588;coco crocodi;RANK2;138865088;138833480;31608;281636;281636;0;
1810344189;iguanilla;RANK2;52755567;52754639;928;1540;1540;0;
1802026617;canitaman;RANK2;24575334;24733276;-157942;30474;30474;0;
1718663609;hung9999;RANK2;204600113;204600113;0;4191288;4191288;0;
1406866987;kazutora 96;RANK1;38560349;38560349;0;17216909;17216909;0;
1356548453;khalidtortue;RANK3;506759100;506711100;48000;3425141;3425141;0;
1310974438;ANTHONY 30;RANK4;322781105;322593946;187159;8910581;8910581;0;
1284609497;Davidllll;RANK2;338115022;338042792;72230;64497493;64497493;0;
1215961243;GIN WOO;RANK4;1144475602;1144373678;101924;14678811;14678811;0;
1208391868;solitario 00;RANK2;59051304;58988168;63136;673153;673153;0;
1201021682;Raptor1221;RANK2;549860462;549860462;0;7016206;7016206;0;
1095429556;aluvion;RANK3;699486834;699409578;77256;8241867;8241867;0;
1042659181;LadyMdusa;RANK3;576682554;576651606;30948;3047307;3047307;0;
1019569290;xEl Caushax;RANK1;333258595;333258595;0;31321694;31321694;0;
967084961;Lord Chars;RANK3;845299912;845299912;0;23842304;23842304;0;
953561080;Fernando1x;RANK2;465774072;465530946;243126;10776295;10776295;0;
947675815;hector 1234;RANK3;618059505;618050379;9126;10704227;10704227;0;
938003679;Javit08;RANK4;1145396187;1145396187;0;50935573;50935573;0;
929178567;carlos0007;RANK2;524922051;526002051;-1080000;37870016;37867970;2046;
923597524;REYDELNORTE;RANK4;841616619;839077588;2539031;38615920;38615920;0;
905196019;khalidcroc;RANK4;1726156666;1726126666;30000;121353518;121353518;0;
884002209;sol lit;RANK3;517996017;517738617;257400;4151032;4151032;0;
809898713;sr biilz;RANK2;283754766;283358766;396000;55690094;55690094;0;
796692974;BANK RUB1US;RANK1;430650944;430650944;0;101852651;101852651;0;
794334307;PEKA COIHUES;RANK2;447714382;447174382;540000;30470835;30470835;0;
791448103;Donisaac;RANK4;1508950974;1497890719;11060255;4722601;4722601;0;
783901704;PEKA FAW;RANK4;1060641119;1060572719;68400;240521683;240521683;0;
783071183;xXLuTh0rXx;RANK2;155331694;155340550;-8856;17074567;17074567;0;
781854474;RoRoXD;RANK2;190951459;190951459;0;21420284;21420284;0;
778372342;Devis;RANK4;531095783;531095783;0;1236445;1236445;0;
768757451;KRATOS FAW;RANK2;432970306;432970306;0;61912589;61912589;0;
768446678;nenocoketo 9;RANK3;621190507;620977023;213484;10839990;10839990;0;
752871791;alex160895;RANK2;542448422;542953994;-505572;11553101;11553101;0;
733895990;Helena I;RANK4;488922311;488922311;0;2222362;2222362;0;
709053949;Alejandro 95;RANK4;1080019696;1079406029;613667;24886863;24886863;0;
702537532;SATANAS A;RANK4;1736153343;1735196108;957235;187408092;187408092;0;
692580653;xTROSSx;RANK4;1405398461;1404858461;540000;118612545;118612545;0;
688436236;Reina I;RANK4;765362907;765360387;2520;7999501;7999501;0;
688435792;ElenadTroya;RANK3;601441611;601114157;327454;4549714;4549714;0;
673818078;ReinadHielo;RANK3;556886796;556853941;32855;2419039;2419039;0;
667175085;Carl0s007;RANK4;1218168925;1218168925;0;38145025;38145025;0;
663102130;Dhanielo;RANK3;803707728;803263712;444016;27165478;27165478;0;
647014343;flamenking;RANK4;1628532330;1626641412;1890918;99707539;99707539;0;
641216166;Real AdRiaS;RANK2;847275130;847275130;0;74628847;74628847;0;
639485490;Mustafunk;RANK4;940304494;939771296;533198;31482083;31482083;0;
635430899;PunisherIsma;RANK4;165782824;165742824;40000;138445;138445;0;
634665528;camaleonking;RANK4;1251665876;1251085876;580000;139783680;139783680;0;
633270360;Y U K O N;RANK3;892409166;892347366;61800;253173019;253173019;0;
631001564;ISalvatoreI;RANK5;535148685;532727539;2421146;4669873;4669873;0;
617488437;ELMEXICANO;RANK4;887905003;886891486;1013517;22636655;22636655;0;
610695403;Aldemar C;RANK4;406341436;406292950;48486;14357257;14357257;0;
609098249;Kurusaki 10;RANK3;431631147;431267817;363330;121873855;121873855;0;
608075191;Bank M0RIA;RANK2;594668087;595289915;-621828;116445744;116445744;0;
604038259;Andres37;RANK2;566863659;566128571;735088;4303339;4303339;0;
602791441;Ammy02;RANK2;774036824;697014533;77022291;145188587;145188587;0;
602123489;valee   22;RANK3;979185363;979185363;0;24865168;24865168;0;
595587844;A SAD 1;RANK3;606993198;606981468;11730;12373656;12370990;2666;
594179527;Sir Enerway;RANK4;1073909881;1073374687;535194;47995211;47995211;0;
594165583;Salva100;RANK4;1104253372;1104214378;38994;301204624;301204624;0;
593978582;Jobolu;RANK4;1497453040;1496607492;845548;289101138;289101138;0;
593879629;antrocha;RANK1;429363080;429363080;0;83298367;83298367;0;
586593035;Coronel10;RANK4;986361577;986172237;189340;66655705;66655705;0;
567827558;solreina;RANK4;1000930076;1000943012;-12936;19704193;19704193;0;
566611896;x IGUANA x;RANK4;1037424365;1034777321;2647044;224541795;224541795;0;
563001076;IISL4iF3RII;RANK4;1492095358;1491173618;921740;221359479;221359479;0;
553549765;REY LAGARTO;RANK4;1317522743;1316903583;619160;1059438506;1059438506;0;
546764362;tottooo;RANK2;568062372;567966372;96000;177498720;177498720;0;
543035653;Spencer 98;RANK4;1141221554;1148701045;-7479491;775163439;774799858;363581;
528738038;ChapulinRojo;RANK1;870699904;870699904;0;245021845;245021845;0;
523432826;3L RUB1US;RANK1;682354042;682354042;0;409157535;409157535;0;
505950872;3l gladiador;RANK4;1482434767;1482424358;10409;648620174;648620174;0;
472571055;angelo98981;RANK4;1212210700;1211202868;1007832;369510570;369510570;0;
467025259;Javier 1313;RANK4;849045063;849032654;12409;23454319;23454319;0;
463632514;brantee;RANK4;1316492437;1316291614;200823;453599990;453599990;0;
446107237;Thanoz C;RANK4;1165296451;1165183959;112492;27722406;27722406;0;
444338156;Pancito001;RANK1;759782269;759782269;0;208981216;208981216;0;
431737484;Papox;RANK4;1432062469;1431990469;72000;223409971;223409971;0;
401676719;JULIO CSAR 3;RANK3;583154805;580701672;2453133;13438827;13438827;0;
400339463;gelhidro;RANK4;1637242349;1636977921;264428;279032344;279032344;0;
381821409;Pitbull king;RANK4;1637057529;1636976067;81462;78454477;78454477;0;
329959173;V KuRaMa V;RANK4;922491357;883554611;38936746;890877067;890877067;0;
315971442;Belly Dancer;RANK4;1177797334;1177217334;580000;27116528;27116528;0;